$ANSIBLE_VAULT;1.1;AES256
65383764383932613638326661343138323431373133656333656163653564343532303235663361
6238333837306363346132383938633066653539663732610a316432303230663832386639393530
39623634303335393136656634646133626431343336303061386631393036396363333361616563
3538646536626237370a313039343539643366633330383132633362383536396139363031636534
38653033386530303463373634376632383437663865323835376530363236396166623338376264
39373466626235646639646266623662356333383962353763643465326161323136313639383431
35613834656363623064306431363337623033343266613030393333653232383964613437663737
63353737616461373663373930346436366466333937616532396431616365356132636363376463
33636561653431376333633863353531623766356430663562343864626539313833373537353366
34333835663830623232623666386261336239323466646432346332653335616334366337656530
31373362313935636164666438623731313830326634633766316663373561303562386630633562
30666335623138363965346365316664396164393535353431316534353830646530643136633164
64313764373065626135636338383064303864313136343466636461643534616538356337333363
35396538356139626363663036323135623962356663633631633534393536626561323130613934
65346535376265386639616363343632306333653063333161316138636133353734363337323763
62633732626336623735633032626234313965666662336431306636653638343036386364396561
30666665633736383463356633643430313961363161313262303461373931376333353366376162
64653061363262376563363936306631336634383762303932643963643535393332373066333062
39363735633932363236653535396630393836356232653366323831616261336237373734323563
62323161383165393830653137393935336566386337363735326663326565656439653838646162
66333636356161373865376335383739363235663366613437346430393534356432366164666533
33316630393839373632343932343130646262346562373061323234323437326134646633346166
65363435346164663365653537623531373736633330346335633066666139303536383162396531
63313739323165656139393933633132646261666631393661383464323633343831623937343962
66373935396565323962643762373264393834613762323836383862373934313732633862616334
31616266633464383964613233363261393037356164376238386461336562303332353430363337
36636166326561316366346565383263383335316336336363373964326331663065626634323335
37623361643563623261383937343063353734636131643136383461336333653037363261663632
6662
