$ANSIBLE_VAULT;1.1;AES256
39333764643135343363656262396337633230353363613863656566636666656432626135343334
3330306265356665346366326638633738363963326262340a656263353832393330393931643437
32343639313761383632363433626136353362323562386363373966623266333630636639316164
3566393963366537630a663636366562373630366131326564393437326530306161306531396435
61336164633136343232663263376238663264633065373036633565353833303661636564636330
38646237306465393663613061383439376462313833363931333239623261643338303736366538
62303638326338633435663861303333386664363663373634663332356433313032333864653739
36663966316234323462353132663763313636356436346361646333396530373533333435373366
34653339353630643366653265613362376533396131326532363363343138353032333062343933
30626563363331656537656364313139616530333361643335346635333233386666653338356230
37353465656661383031323364323965373565656636643733343039653632343037653461363632
39626266663263636561393466336236333463376263363866666366346161393539363834366337
30333965623731393239626637313133623738663236373730313964633731636664323333353038
61323733383737616133303161636639643839323766376264653835656135353266333134333638
383563623233653861373239626433333662
